lastAccountName: racduca
timestamps:
  login: 1600402346095
  logout: 1600405466035
ipAddress: 24.25.222.244
logoutlocation:
  world: world
  x: 1934.2949106519777
  y: 82.09087030689521
  z: 102.9007424689961
  yaw: -88.043945
  pitch: 16.649632
