lastAccountName: Giflor
timestamps:
  login: 1600415691589
  logout: 1600414450687
  kits:
    notch: 1598090944205
    tools: 1598090937391
  lastteleport: 1600414446723
ipAddress: 198.72.137.142
logoutlocation:
  world: world
  x: 1594.5
  y: 65.0
  z: -228.1562761067858
  yaw: 0.0
  pitch: 0.0
lastlocation:
  world: world
  x: 1627.081839591251
  y: 72.0
  z: -37.397905309463255
  yaw: 231.42426
  pitch: 2.9999676
money: '0'
godmode: true
