lastAccountName: Giflor
timestamps:
  login: 1600404234963
  logout: 1600405470774
  kits:
    notch: 1598090944205
    tools: 1598090937391
  lastteleport: 1600402405431
ipAddress: 198.72.137.142
logoutlocation:
  world: world
  x: 1623.6631472396339
  y: 73.32147914125011
  z: -33.86133440669185
  yaw: 278.67303
  pitch: 31.049957
lastlocation:
  world: world
  x: 4803.088118089276
  y: 64.0
  z: -4505.274430754987
  yaw: 101.237976
  pitch: 16.94976
money: '0'
godmode: true
